37
1	1	0
5	1	0
5	6	0
1	6	0
3	3.5	0
1.8	1	0
2.6	1	0
3.4000000000000004	1	0
4.2	1	0
5	2	0
5	3.0000000000000004	0
5	4	0
5	5.000000000000001	0
4.2	6.000000000000001	0
3.4	6	0
2.5999999999999996	6	0
1.7999999999999998	6	0
1	5.000000000000001	0
1	3.9999999999999996	0
1	2.9999999999999996	0
1	1.9999999999999998	0
1.6666666666666667	5.166666666666666	0
2.3333333333333335	4.333333333333333	0
3.6666666666666665	2.666666666666667	0
4.333333333333333	1.8333333333333335	0
1.6666666666666667	1.8333333333333333	0
2.3333333333333335	2.6666666666666665	0
3.6666666666666665	4.333333333333334	0
4.333333333333333	5.166666666666667	0
3.444444444444444	1.8333333333333335	0
2.5555555555555554	1.8333333333333335	0
4.333333333333333	4.055555555555556	0
4.333333333333333	2.944444444444445	0
2.5555555555555554	5.166666666666666	0
3.4444444444444438	5.166666666666666	0
1.6666666666666667	2.9444444444444438	0
1.666666666666667	4.055555555555555	0
72
Triangle 1 0 2 3 24 23 29
Triangle 1 0 2 3 29 23 26
Triangle 1 0 2 3 29 26 30
Triangle 1 0 2 3 30 26 25
Triangle 1 0 2 3 1 24 8
Triangle 1 0 2 3 24 29 8
Triangle 1 0 2 3 8 29 7
Triangle 1 0 2 3 29 30 6
Triangle 1 0 2 3 29 6 7
Triangle 1 0 2 3 6 30 5
Triangle 1 0 2 3 5 30 25
Triangle 1 0 2 3 5 25 0
Triangle 1 0 2 3 23 4 26
Triangle 1 0 2 3 27 31 28
Triangle 1 0 2 3 28 31 12
Triangle 1 0 2 3 31 27 32
Triangle 1 0 2 3 23 32 27
Triangle 1 0 2 3 23 27 4
Triangle 1 0 2 3 32 23 24
Triangle 1 0 2 3 32 24 9
Triangle 1 0 2 3 2 28 12
Triangle 1 0 2 3 12 31 11
Triangle 1 0 2 3 31 32 11
Triangle 1 0 2 3 11 32 10
Triangle 1 0 2 3 10 32 9
Triangle 1 0 2 3 9 24 1
Triangle 1 0 2 3 21 22 33
Triangle 1 0 2 3 34 33 22
Triangle 1 0 2 3 34 22 27
Triangle 1 0 2 3 34 27 28
Triangle 1 0 2 3 3 21 16
Triangle 1 0 2 3 21 33 16
Triangle 1 0 2 3 16 33 15
Triangle 1 0 2 3 33 34 15
Triangle 1 0 2 3 15 34 14
Triangle 1 0 2 3 14 34 13
Triangle 1 0 2 3 13 34 28
Triangle 1 0 2 3 13 28 2
Triangle 1 0 2 3 22 4 27
Triangle 1 0 2 3 26 35 25
Triangle 1 0 2 3 25 35 20
Triangle 1 0 2 3 35 26 36
Triangle 1 0 2 3 22 36 26
Triangle 1 0 2 3 22 26 4
Triangle 1 0 2 3 36 22 21
Triangle 1 0 2 3 36 21 17
Triangle 1 0 2 3 0 25 20
Triangle 1 0 2 3 20 35 19
Triangle 1 0 2 3 35 36 18
Triangle 1 0 2 3 19 35 18
Triangle 1 0 2 3 18 36 17
Triangle 1 0 2 3 17 21 3
Segment 0 -1 2 2 0 5
Segment 0 -1 2 2 5 6
Segment 0 -1 2 2 6 7
Segment 0 -1 2 2 7 8
Segment 0 -1 2 2 8 1
Segment 0 -1 3 2 1 9
Segment 0 -1 3 2 9 10
Segment 0 -1 3 2 10 11
Segment 0 -1 3 2 11 12
Segment 0 -1 3 2 12 2
Segment 0 -1 4 2 2 13
Segment 0 -1 4 2 13 14
Segment 0 -1 4 2 14 15
Segment 0 -1 4 2 15 16
Segment 0 -1 4 2 16 3
Segment 0 -1 5 2 3 17
Segment 0 -1 5 2 17 18
Segment 0 -1 5 2 18 19
Segment 0 -1 5 2 19 20
Segment 0 -1 5 2 20 0
2
0 Empty
2 scalarVolume
6
0 Not Boundary
1 Internal Boundary
2 secondBoundary
3 thirdBoundary1
4 thirdBoundary2
5 firstBoundary
0
0
