0 40 12
40 110 12
40 41 110
41 111 110
41 42 111
42 112 111
42 43 112
43 113 112
43 44 113
44 114 113
44 1 114
1 19 114
12 110 13
110 115 13
110 111 115
111 116 115
111 112 116
112 117 116
112 113 117
113 118 117
113 114 118
114 119 118
114 19 119
19 20 119
13 115 14
115 120 14
115 116 120
116 121 120
116 117 121
117 122 121
117 118 122
118 123 122
118 119 123
119 124 123
119 20 124
20 21 124
14 120 15
120 125 15
120 121 125
121 126 125
121 122 126
122 127 126
122 123 127
123 128 127
123 124 128
124 129 128
124 21 129
21 22 129
15 125 16
125 130 16
125 126 130
126 131 130
126 127 131
127 132 131
127 128 132
128 133 132
128 129 133
129 134 133
129 22 134
22 23 134
16 130 17
130 135 17
130 131 135
131 136 135
131 132 136
132 137 136
132 133 137
133 138 137
133 134 138
134 139 138
134 23 139
23 24 139
17 135 18
135 140 18
135 136 140
136 141 140
136 137 141
137 142 141
137 138 142
138 143 142
138 139 143
139 144 143
139 24 144
24 25 144
18 140 4
140 45 4
140 141 45
141 46 45
141 142 46
142 47 46
142 143 47
143 48 47
143 144 48
144 49 48
144 25 49
25 5 49
1 50 19
50 145 19
50 51 145
51 146 145
51 52 146
52 147 146
52 53 147
53 148 147
53 54 148
54 149 148
54 55 149
55 150 149
55 56 150
56 151 150
56 57 151
57 152 151
57 58 152
58 153 152
58 59 153
59 154 153
59 60 154
60 155 154
60 2 155
2 26 155
19 145 20
145 156 20
145 146 156
146 157 156
146 147 157
147 158 157
147 148 158
148 159 158
148 149 159
149 160 159
149 150 160
150 161 160
150 151 161
151 162 161
151 152 162
152 163 162
152 153 163
153 164 163
153 154 164
154 165 164
154 155 165
155 166 165
155 26 166
26 27 166
20 156 21
156 167 21
156 157 167
157 168 167
157 158 168
158 169 168
158 159 169
159 170 169
159 160 170
160 171 170
160 161 171
161 172 171
161 162 172
162 173 172
162 163 173
163 174 173
163 164 174
164 175 174
164 165 175
165 176 175
165 166 176
166 177 176
166 27 177
27 28 177
21 167 22
167 178 22
167 168 178
168 179 178
168 169 179
169 180 179
169 170 180
170 181 180
170 171 181
171 182 181
171 172 182
172 183 182
172 173 183
173 184 183
173 174 184
174 185 184
174 175 185
175 186 185
175 176 186
176 187 186
176 177 187
177 188 187
177 28 188
28 29 188
22 178 23
178 189 23
178 179 189
179 190 189
179 180 190
180 191 190
180 181 191
181 192 191
181 182 192
182 193 192
182 183 193
183 194 193
183 184 194
184 195 194
184 185 195
185 196 195
185 186 196
186 197 196
186 187 197
187 198 197
187 188 198
188 199 198
188 29 199
29 30 199
23 189 24
189 200 24
189 190 200
190 201 200
190 191 201
191 202 201
191 192 202
192 203 202
192 193 203
193 204 203
193 194 204
194 205 204
194 195 205
195 206 205
195 196 206
196 207 206
196 197 207
197 208 207
197 198 208
198 209 208
198 199 209
199 210 209
199 30 210
30 31 210
24 200 25
200 211 25
200 201 211
201 212 211
201 202 212
202 213 212
202 203 213
203 214 213
203 204 214
204 215 214
204 205 215
205 216 215
205 206 216
206 217 216
206 207 217
207 218 217
207 208 218
208 219 218
208 209 219
209 220 219
209 210 220
210 221 220
210 31 221
31 32 221
25 211 5
211 61 5
211 212 61
212 62 61
212 213 63
212 63 62
213 214 64
213 64 63
214 215 64
215 65 64
215 216 65
216 66 65
216 217 66
217 67 66
217 218 67
218 68 67
218 219 68
219 69 68
219 220 69
220 70 69
220 221 70
221 71 70
221 32 71
32 6 71
2 72 26
72 222 26
72 73 222
73 223 222
73 74 223
74 224 223
74 75 224
75 225 224
75 76 225
76 226 225
76 3 226
3 33 226
26 222 27
222 227 27
222 223 227
223 228 227
223 224 228
224 229 228
224 225 229
225 230 229
225 226 230
226 231 230
226 33 231
33 34 231
27 227 28
227 232 28
227 228 232
228 233 232
228 229 233
229 234 233
229 230 234
230 235 234
230 231 235
231 236 235
231 34 236
34 35 236
28 232 29
232 237 29
232 233 237
233 238 237
233 234 238
234 239 238
234 235 239
235 240 239
235 236 240
236 241 240
236 35 241
35 36 241
29 237 30
237 242 30
237 238 242
238 243 242
238 239 243
239 244 243
239 240 244
240 245 244
240 241 245
241 246 245
241 36 246
36 37 246
30 242 31
242 247 31
242 243 247
243 248 247
243 244 248
244 249 248
244 245 249
245 250 249
245 246 250
246 251 250
246 37 251
37 38 251
31 247 32
247 252 32
247 248 252
248 253 252
248 249 253
249 254 253
249 250 254
250 255 254
250 251 255
251 256 255
251 38 256
38 39 256
32 252 6
252 77 6
252 253 77
253 78 77
253 254 78
254 79 78
254 255 79
255 80 79
255 256 80
256 81 80
256 39 81
39 7 81
4 45 257
4 257 82
45 46 258
45 258 257
46 47 259
46 259 258
47 48 260
47 260 259
48 49 261
48 261 260
49 5 87
49 87 261
82 257 262
82 262 83
257 258 263
257 263 262
258 259 264
258 264 263
259 260 265
259 265 264
260 261 266
260 266 265
261 87 88
261 88 266
83 262 267
83 267 84
262 263 268
262 268 267
263 264 269
263 269 268
264 265 270
264 270 269
265 266 271
265 271 270
266 88 89
266 89 271
84 267 272
84 272 85
267 268 273
267 273 272
268 269 274
268 274 273
269 270 275
269 275 274
270 271 276
270 276 275
271 89 90
271 90 276
85 272 277
85 277 86
272 273 278
272 278 277
273 274 279
273 279 278
274 275 280
274 280 279
275 276 281
275 281 280
276 90 91
276 91 281
86 277 92
86 92 8
277 278 93
277 93 92
278 279 94
278 94 93
279 280 95
279 95 94
280 281 96
280 96 95
281 91 9
281 9 96
6 77 97
77 282 97
77 78 282
78 283 282
78 79 283
79 284 283
79 80 284
80 285 284
80 81 285
81 286 285
81 7 286
7 101 286
97 282 287
97 287 98
282 283 287
283 288 287
283 284 288
284 289 288
284 285 289
285 290 289
285 286 290
286 291 290
286 101 291
101 102 291
98 287 292
98 292 99
287 288 292
288 293 292
288 289 293
289 294 293
289 290 294
290 295 294
290 291 295
291 296 295
291 102 296
102 103 296
99 292 100
292 297 100
292 293 297
293 298 297
293 294 298
294 299 298
294 295 299
295 300 299
295 296 300
296 301 300
296 103 301
103 104 301
100 297 10
297 105 10
297 298 105
298 106 105
298 299 106
299 107 106
299 300 107
300 108 107
300 301 108
301 109 108
301 104 109
104 11 109
