3 0.5
9 1.5
1 4
4.5 6
3.080121016118095 0.5133535026863492
3.2003025402952376 0.5333837567158729
3.3805748265609514 0.5634291377601586
3.650983255959522 0.608497209326587
4.056595900057379 0.6760993166762297
4.665014866204162 0.7775024777006937
5.577643315424339 0.9296072192373898
6.9465859892546025 1.157764331542434
2.7534246575342465 5.001956947162427
3.6301369863013697 5.50293542074364
4.068493150684931 5.7534246575342465
4.287671232876712 5.87866927592955
4.397260273972603 5.9412915851272015
4.4520547945205475 5.972602739726027
4.47945205479452 5.98825831702544
4.493150684931506 5.996086105675147
2.848341232227488 0.7654028436018958
2.620853080568721 1.1635071090047395
2.279620853080569 1.7606635071090049
1.767772511848341 2.656398104265403
6.67741935483871 3.82258064516129
5.516129032258064 4.983870967741935
4.935483870967742 5.564516129032258
4.645161290322581 5.85483870967742
3.050054203631075 0.9264526834628527
3.2479679028231465 1.084469142887266
3.4735050254170563 1.2645404453112226
3.7576467690144817 1.4914023173354065
4.128504847369289 1.787499458310455
4.607921814594852 2.170271202046365
5.204842186435862 2.6468589476226905
5.907151932254427 3.207590720645683
2.9967041695128662 1.6594487534035804
3.336478289917137 2.1077862491677752
3.6380124188295744 2.505665452219465
3.9261044739344615 2.885807619555827
4.2250926382084035 3.2803273807260425
4.545108133664657 3.7025930484816834
4.879781764728756 4.144200365339893
5.210755713115095 4.580925890539291
2.9223379976915216 2.681193398604809
3.4516450199612034 3.439291949208767
3.8344296775247986 3.987534239379145
4.106233862049273 4.376825047297258
4.3154225014225585 4.6764349100791325
4.4946643969810545 4.933153630053282
4.657786994215977 5.166785528614306
4.806019170238927 5.379090661680563
2.8375896421744526 3.845582748203163
3.5558425308874524 4.643976493740842
3.98461248931668 5.12058752930207
4.228891691685886 5.392122792718794
4.372022403210287 5.5512236702386915
4.465087533960919 5.654672774985196
4.5349998693523865 5.732385753505196
4.593752314759737 5.797693649491975
